time (s)	energy (uJ)	charge (mC)	voltage (mV)	crossing#mod 255
424770.346767	49.490402	0.016004	3.092411	223
424771.361898	50.424168	0.015971	3.157323	224
424772.443606	53.201965	0.015966	3.332109	225
424773.458820	27.002184	0.015981	1.689606	226
424774.540530	53.938709	0.015973	3.376852	227
424775.555676	64.850967	0.015996	4.054246	228
424776.616053	55.981022	0.015967	3.505984	229
424777.653301	69.730057	0.015944	4.373435	230
424778.678401	44.829983	0.015972	2.806728	231
424779.718081	60.079773	0.015964	3.763504	232
424780.798752	58.976395	0.015989	3.688669	233
424781.814650	63.445393	0.015976	3.971367	234
424782.896898	68.849403	0.015997	4.303868	235
424783.911986	71.760925	0.015965	4.494891	236
424784.962511	58.468925	0.015997	3.655037	237
424785.986425	63.475468	0.015994	3.968776	238
424787.044426	54.555138	0.015986	3.412668	239
424788.118271	85.325096	0.016031	5.322642	240
424789.237242	109.715446	0.015964	6.872608	241
424790.170956	67.054230	0.015956	4.202534	242
424791.251650	74.853859	0.015987	4.682211	243
424792.245606	55.928535	0.015983	3.499163	244
424793.336703	72.505775	0.015960	4.542827	245
424794.375965	89.748291	0.015927	5.634872	246
424795.413467	69.615074	0.015964	4.360701	247
424796.437995	77.422150	0.015953	4.853181	248
424797.510529	71.284966	0.015931	4.474663	249
424798.525914	74.237915	0.015988	4.643428	250
424799.595886	67.876289	0.015954	4.254563	251
424800.623348	81.798912	0.015984	5.117612	252
424801.703578	85.780380	0.015959	5.375152	253
424802.708097	79.198776	0.015924	4.973650	254
424803.801899	91.062653	0.015977	5.699749	255
424804.817013	95.081459	0.015925	5.970524	0
424805.897126	98.726250	0.015977	6.179127	1
424806.914701	104.061554	0.015984	6.510499	2
424807.950601	79.721222	0.015946	4.999347	3
424809.011274	104.511932	0.015922	6.563794	4
424810.047915	81.969131	0.015948	5.139818	5
424811.075991	93.479073	0.015941	5.863968	6
424812.157697	99.291420	0.015980	6.213369	7
424813.174703	99.247971	0.015964	6.217132	8
424814.266057	107.723106	0.015946	6.755295	9
424815.294349	107.758148	0.015936	6.761879	10
424816.319516	97.809174	0.015955	6.130311	11
424817.344783	105.158249	0.015953	6.591589	12
424818.417440	99.629326	0.015980	6.234798	13
424819.465687	107.773849	0.015940	6.761127	14
424820.500639	101.074860	0.015944	6.339315	15
424821.529405	112.030113	0.015972	7.014336	16
424822.609470	118.688774	0.015924	7.453414	17
424823.601377	93.727203	0.015940	5.880018	18
424824.708767	123.537750	0.015975	7.733186	19
424825.723610	124.902718	0.015969	7.821559	20
424826.774031	111.137978	0.015915	6.983017	21
424827.796780	115.990135	0.015940	7.276716	22
424828.890129	138.335983	0.015949	8.673462	23
424829.905786	133.219955	0.015914	8.371166	24
424830.965514	128.333023	0.015965	8.038251	25
424831.982497	126.947884	0.015920	7.973951	26
424833.086997	149.382050	0.015939	9.372263	27
424834.079607	135.685837	0.015960	8.501794	28
424835.136464	128.813293	0.015914	8.094241	29
424836.163280	128.701645	0.015958	8.064998	30
424837.225059	133.906326	0.015972	8.383910	31
424838.273673	149.050201	0.015931	9.356125	32
424839.333486	148.543335	0.015931	9.324369	33
424840.385565	152.946945	0.015933	9.599523	34
424841.420075	150.016830	0.015945	9.408578	35
424842.466821	157.281418	0.015914	9.883411	36
424843.516700	156.010559	0.015971	9.768599	37
424844.532629	182.657471	0.015943	11.457033	38
424845.613277	159.108368	0.015938	9.983198	39
424846.653893	182.325516	0.015930	11.445602	40
424847.665039	141.192581	0.015965	8.843800	41
424848.714554	152.988541	0.015936	9.600366	42
424849.774588	161.764267	0.015934	10.151942	43
424850.822937	164.411209	0.015921	10.326488	44
424851.873354	162.084579	0.015939	10.168843	45
424852.922090	169.104324	0.015966	10.591804	46
424853.971773	172.400543	0.015952	10.807332	47
424854.987680	175.669403	0.015957	11.008853	48
424856.054640	168.536835	0.015931	10.579038	49
424857.105502	178.020950	0.015925	11.178483	50
424858.131928	166.315430	0.015927	10.442563	51
424859.179523	170.978149	0.015928	10.734363	52
424860.228208	178.164764	0.015930	11.184097	53
424861.275848	182.411957	0.015952	11.434953	54
424862.302929	169.324478	0.015911	10.642047	55
424863.375760	174.417313	0.015965	10.925066	56
424864.423257	184.054352	0.015931	11.553026	57
424865.439697	189.677307	0.015938	11.900832	58
424866.520312	175.601868	0.015932	11.021957	59
424867.535668	192.708893	0.015952	12.080844	60
424868.571091	182.980133	0.015949	11.472570	61
424869.607740	184.991318	0.015903	11.632819	62
424870.668889	184.742584	0.015926	11.600078	63
424871.717034	201.716858	0.015915	12.674294	64
424872.801131	164.924194	0.015924	10.357013	65
424873.828319	171.647659	0.015938	10.769660	66
424874.876912	188.362106	0.015936	11.819884	67
424875.901814	219.610657	0.015927	13.788556	68
424876.972918	177.836029	0.015920	11.170943	69
424877.988342	198.335480	0.015959	12.427525	70
424879.037584	194.615601	0.015882	12.253763	71
424880.085970	195.123428	0.015932	12.247139	72
424881.135331	202.907852	0.015953	12.718779	73
424882.183022	183.891663	0.015933	11.541748	74
424883.232167	202.258438	0.015943	12.686430	75
424884.292475	140.283096	0.015953	8.793344	76
424885.328436	193.315506	0.015922	12.141228	77
424886.343937	209.704453	0.015931	13.163315	78
424887.413359	201.426453	0.015923	12.649644	79
424888.443307	200.667358	0.015913	12.609931	80
424889.489449	213.020462	0.015924	13.377686	81
424890.541002	191.313629	0.015940	12.001938	82
424891.574246	213.409058	0.015958	13.373113	83
424892.635865	184.051208	0.015925	11.557689	84
424893.684688	197.291733	0.015926	12.388031	85
424894.742469	141.184006	0.015931	8.862153	86
424895.777847	201.139511	0.015951	12.609610	87
424896.797741	209.282867	0.015924	13.142262	88
424897.881309	161.986542	0.015921	10.174510	89
424898.895202	213.264191	0.015948	13.372383	90
424899.917584	211.495499	0.015934	13.273393	91
424900.992506	213.148682	0.015941	13.370905	92
424902.039693	201.344330	0.015915	12.651620	93
424903.100559	139.779007	0.015919	8.780375	94
424904.124161	212.810715	0.015912	13.373810	95
424905.186424	157.663086	0.015928	9.898448	96
424906.234706	200.693314	0.015938	12.592348	97
424907.226321	212.889191	0.015916	13.375619	98
424908.331881	172.372147	0.015949	10.807593	99
424909.347751	195.670807	0.015924	12.287758	100
424910.396061	204.669128	0.015945	12.835881	101
424911.444627	180.591446	0.015951	11.321778	102
424912.492882	212.779358	0.015911	13.372791	103
424913.541163	165.118286	0.015925	10.368315	104
424914.578396	209.056290	0.015929	13.124563	105
424915.606713	207.438080	0.015911	13.037218	106
424916.699676	121.682655	0.015949	7.629543	107
424917.713216	182.639923	0.015927	11.467259	108
424918.752920	207.209595	0.015941	12.998461	109
424919.800118	187.091202	0.015914	11.756485	110
424920.848398	197.084320	0.015918	12.381568	111
424921.898430	170.261276	0.015947	10.676400	112
424922.946348	186.032227	0.015945	11.667349	113
424923.974705	209.106461	0.015956	13.105285	114
424925.044244	161.544830	0.015908	10.155002	115
424926.069821	186.172791	0.015914	11.698416	116
424927.107883	207.506241	0.015943	13.015600	117
424928.156145	189.145126	0.015941	11.865442	118
424929.204678	194.642242	0.015909	12.234856	119
424930.254329	185.256378	0.015919	11.637124	120
424931.301574	185.338699	0.015915	11.645536	121
424932.348544	155.890610	0.015937	9.781906	122
424933.399209	164.481979	0.015944	10.316194	123
424934.434679	166.313278	0.015928	10.441597	124
424935.484196	176.675140	0.015924	11.095013	125
424936.535724	118.676994	0.015914	7.457626	126
424937.561091	191.642151	0.015920	12.037726	127
424938.609637	172.742462	0.015920	10.850575	128
424939.657936	184.565903	0.015944	11.575869	129
424940.707283	142.459808	0.015916	8.950999	130
424941.754757	156.180405	0.015907	9.818506	131
424942.748236	213.439636	0.015959	13.374525	132
424943.875814	55.529358	0.015893	3.493948	133
424944.855313	211.578171	0.015907	13.301011	134
424945.893049	212.843445	0.015915	13.373527	135
424946.965329	165.232376	0.015895	10.395123	136
424948.014142	177.069733	0.015917	11.124219	137
