crossing time (s)	slope (V/s)	crossing number
281474976710655.000000	2.986383	4872	0.000000
281474976710655.000000	3.069837	4873	0.000000
281474976710655.000000	3.076936	4874	0.000000
281474976710655.000000	3.037279	4875	83047841792.000000
281474976710655.000000	2.980181	4876	83048824832.000000
281474976710655.000000	3.037892	4877	83049930752.000000
281474976710655.000000	3.375638	4878	83050921984.000000
281474976710655.000000	3.301101	4879	83052019712.000000
281474976710655.000000	3.286083	4880	83053019136.000000
281474976710655.000000	3.407457	4881	83054108672.000000
281474976710655.000000	3.507188	4882	83055108096.000000
281474976710655.000000	3.645981	4883	83056197632.000000
281474976710655.000000	3.633943	4884	83057205248.000000
281474976710655.000000	3.709710	4885	83058294784.000000
281474976710655.000000	3.812634	4886	83059294208.000000
281474976710655.000000	3.835318	4887	83060383744.000000
281474976710655.000000	3.912616	4888	83061391360.000000
281474976710655.000000	4.024254	4889	83062472704.000000
281474976710655.000000	3.992337	4890	83063480320.000000
281474976710655.000000	4.070875	4891	83064561664.000000
281474976710655.000000	4.189672	4892	83065569280.000000
281474976710655.000000	4.229866	4893	83066658816.000000
281474976710655.000000	4.229855	4894	83067666432.000000
281474976710655.000000	4.184032	4895	83068747776.000000
281474976710655.000000	4.574138	4896	83069755392.000000
281474976710655.000000	4.381382	4897	83070844928.000000
281474976710655.000000	4.594754	4898	83071844352.000000
281474976710655.000000	4.439135	4899	83072933888.000000
281474976710655.000000	4.704700	4900	83073941504.000000
281474976710655.000000	4.729866	4901	83075022848.000000
281474976710655.000000	4.784762	4902	83076030464.000000
281474976710655.000000	4.761522	4903	83077120000.000000
281474976710655.000000	5.009516	4904	83078119424.000000
281474976710655.000000	4.849516	4905	83079208960.000000
281474976710655.000000	5.040765	4906	83080208384.000000
281474976710655.000000	5.010819	4907	83081297920.000000
281474976710655.000000	5.325924	4908	83082297344.000000
281474976710655.000000	5.067780	4909	83083395072.000000
281474976710655.000000	5.259800	4910	83084394496.000000
281474976710655.000000	5.278435	4911	83085475840.000000
281474976710655.000000	5.384109	4912	83086483456.000000
281474976710655.000000	5.365053	4913	83087572992.000000
281474976710655.000000	5.611825	4914	83088572416.000000
281474976710655.000000	5.471939	4915	83089653760.000000
281474976710655.000000	5.615175	4916	83090669568.000000
281474976710655.000000	5.448893	4917	83091742720.000000
281474976710655.000000	5.790685	4918	83092758528.000000
281474976710655.000000	5.658035	4919	83093831680.000000
281474976710655.000000	5.787490	4920	83094847488.000000
281474976710655.000000	5.786724	4921	83095920640.000000
281474976710655.000000	5.838790	4922	83096944640.000000
281474976710655.000000	6.024436	4923	83098009600.000000
281474976710655.000000	6.149191	4924	83099033600.000000
281474976710655.000000	6.008753	4925	83100098560.000000
281474976710655.000000	6.182239	4926	83101122560.000000
281474976710655.000000	5.905693	4927	83102187520.000000
281474976710655.000000	6.179644	4928	83103211520.000000
281474976710655.000000	6.148301	4929	83104276480.000000
281474976710655.000000	6.231220	4930	83105300480.000000
281474976710655.000000	6.361382	4931	83106365440.000000
281474976710655.000000	6.564713	4932	83107389440.000000
281474976710655.000000	6.428519	4933	83108454400.000000
281474976710655.000000	6.604115	4934	83109486592.000000
281474976710655.000000	6.350919	4935	83110543360.000000
281474976710655.000000	6.617619	4936	83111575552.000000
281474976710655.000000	6.585905	4937	83112632320.000000
281474976710655.000000	6.637815	4938	83113664512.000000
281474976710655.000000	6.794965	4939	83114721280.000000
281474976710655.000000	6.854944	4940	83115753472.000000
281474976710655.000000	6.836139	4941	83116810240.000000
281474976710655.000000	7.015001	4942	83117842432.000000
281474976710655.000000	6.794617	4943	83118899200.000000
281474976710655.000000	7.015690	4944	83119923200.000000
281474976710655.000000	6.962220	4945	83120988160.000000
281474976710655.000000	7.080730	4946	83122012160.000000
281474976710655.000000	6.989184	4947	83123085312.000000
281474976710655.000000	7.375129	4948	83124101120.000000
281474976710655.000000	7.257426	4949	83125174272.000000
281474976710655.000000	7.518624	4950	83126190080.000000
281474976710655.000000	7.355208	4951	83127263232.000000
281474976710655.000000	7.658911	4952	83128270848.000000
281474976710655.000000	7.290114	4953	83129352192.000000
281474976710655.000000	7.787412	4954	83130359808.000000
281474976710655.000000	7.530793	4955	83131441152.000000
281474976710655.000000	7.827776	4956	83132448768.000000
281474976710655.000000	7.568563	4957	83133530112.000000
281474976710655.000000	7.797676	4958	83134537728.000000
281474976710655.000000	7.605113	4959	83135619072.000000
281474976710655.000000	7.846228	4960	83136626688.000000
281474976710655.000000	7.731049	4961	83137708032.000000
281474976710655.000000	7.991255	4962	83138715648.000000
281474976710655.000000	7.948311	4963	83139788800.000000
281474976710655.000000	8.095834	4964	83140804608.000000
281474976710655.000000	7.670111	4965	83141877760.000000
281474976710655.000000	8.020416	4966	83142893568.000000
281474976710655.000000	7.897716	4967	83143966720.000000
281474976710655.000000	8.155751	4968	83144982528.000000
281474976710655.000000	8.137622	4969	83146055680.000000
281474976710655.000000	8.364942	4970	83147071488.000000
281474976710655.000000	8.013275	4971	83148144640.000000
281474976710655.000000	8.410704	4972	83149160448.000000
281474976710655.000000	8.031075	4973	83150233600.000000
281474976710655.000000	8.408138	4974	83151249408.000000
281474976710655.000000	8.237738	4975	83152322560.000000
281474976710655.000000	8.354694	4976	83153338368.000000
281474976710655.000000	8.400290	4977	83154411520.000000
281474976710655.000000	8.577425	4978	83155427328.000000
281474976710655.000000	8.346228	4979	83156500480.000000
281474976710655.000000	8.501429	4980	83157516288.000000
281474976710655.000000	8.514500	4981	83158589440.000000
281474976710655.000000	9.006858	4982	83159597056.000000
281474976710655.000000	8.506959	4983	83160678400.000000
281474976710655.000000	8.843823	4984	83161686016.000000
281474976710655.000000	8.838682	4985	83162767360.000000
281474976710655.000000	8.999008	4986	83163774976.000000
281474976710655.000000	8.679399	4987	83164856320.000000
281474976710655.000000	8.985238	4988	83165863936.000000
281474976710655.000000	8.842369	4989	83166945280.000000
281474976710655.000000	8.858266	4990	83167952896.000000
281474976710655.000000	8.836022	4991	83169026048.000000
281474976710655.000000	9.140171	4992	83170041856.000000
281474976710655.000000	8.894019	4993	83171115008.000000
281474976710655.000000	9.068523	4994	83172130816.000000
281474976710655.000000	8.890782	4995	83173203968.000000
281474976710655.000000	9.063622	4996	83174219776.000000
281474976710655.000000	9.082125	4997	83175292928.000000
281474976710655.000000	9.257420	4998	83176308736.000000
281474976710655.000000	9.103850	4999	83177373696.000000
281474976710655.000000	9.047459	5000	83178397696.000000
281474976710655.000000	9.328794	5001	83179462656.000000
281474976710655.000000	9.292983	5002	83180486656.000000
281474976710655.000000	9.261362	5003	83181551616.000000
281474976710655.000000	9.196831	5004	83182575616.000000
281474976710655.000000	9.336782	5005	83183640576.000000
281474976710655.000000	9.185152	5006	83184664576.000000
281474976710655.000000	9.526251	5007	83185721344.000000
281474976710655.000000	9.350106	5008	83186753536.000000
281474976710655.000000	9.482324	5009	83187810304.000000
