time (s)	energy (uJ)	charge (mC)	voltage (mV)	crossing#mod 255
6666.307306	81.027985	0.028382	2.854877	57
6678.842256	75.520546	0.028490	2.650812	69
6679.868129	89.364876	0.028430	3.143319	70
6680.935878	76.305664	0.028436	2.683454	71
6681.968393	79.934357	0.028443	2.810353	72
6683.034070	76.914581	0.028463	2.702294	73
6684.068350	89.569206	0.028459	3.147255	74
6685.115274	96.417290	0.028459	3.387881	75
6686.166140	93.599152	0.028457	3.289103	76
6687.193827	107.198479	0.028426	3.771136	77
6688.275713	67.213112	0.028434	2.363832	78
6689.304388	80.848793	0.028419	2.844878	79
6690.359188	81.577888	0.028414	2.871061	80
6691.391357	82.666847	0.028375	2.913348	81
6692.451731	86.785263	0.028431	3.052494	82
6693.479696	99.460663	0.028455	3.495342	83
6694.540587	84.456131	0.028423	2.971412	84
6695.587444	75.688011	0.028441	2.661246	85
6696.627003	81.669983	0.028420	2.873687	86
6697.685235	71.169769	0.028459	2.500825	87
6698.708424	88.818199	0.028405	3.126836	88
6699.783154	75.874863	0.028455	2.666461	89
6700.796937	88.814697	0.028409	3.126323	90
6701.872815	78.144371	0.028446	2.747110	91
6702.889180	89.810562	0.028402	3.162162	92
6703.961171	77.290092	0.028460	2.715789	93
6704.982370	77.251747	0.028415	2.718670	94
6706.053138	77.656937	0.028457	2.728915	95
6707.073893	85.880241	0.028402	3.023707	96
6708.140526	64.692223	0.028410	2.277128	97
6709.160478	84.423508	0.028446	2.967841	98
6710.231764	77.706512	0.028379	2.738202	99
6711.255288	83.577370	0.028436	2.939131	100
6712.322041	76.129692	0.028429	2.677889	101
6713.344253	76.063843	0.028407	2.677614	102
6714.416374	70.283485	0.028380	2.476551	103
6715.435046	81.876404	0.028417	2.881267	104
6716.498115	74.383484	0.028421	2.617184	105
6717.527717	79.076973	0.028457	2.778782	106
6718.585109	72.272362	0.028395	2.545269	107
6719.622228	74.823021	0.028442	2.630715	108
6720.670192	73.976479	0.028382	2.606475	109
6721.715541	73.968567	0.028498	2.595536	110
6722.753728	74.688675	0.028445	2.625731	111
6723.809429	69.225067	0.028399	2.437609	112
6724.844895	75.041641	0.028440	2.638616	113
6725.893737	74.751740	0.028380	2.633925	114
6726.936708	72.743149	0.028471	2.555017	115
6727.980409	70.361740	0.028403	2.477297	116
6729.027332	69.232948	0.028367	2.440631	117
6730.064606	69.033417	0.028420	2.429077	118
6731.118558	66.973236	0.028406	2.357722	119
6732.148429	70.350395	0.028434	2.474207	120
6733.212604	63.597164	0.028441	2.236071	121
6734.237783	67.470886	0.028442	2.372252	122
6735.300759	64.892120	0.028446	2.281214	123
6736.324220	69.995003	0.028429	2.462119	124
6737.389778	58.966427	0.028362	2.079087	125
6738.414972	65.388901	0.028439	2.299262	126
6739.474848	60.208584	0.028435	2.117383	127
6740.505243	66.051186	0.028407	2.325197	128
6741.557061	62.303452	0.028409	2.193118	129
6742.595228	64.023140	0.028414	2.253221	130
6743.647669	59.548840	0.028408	2.096188	131
6744.683791	66.118454	0.028412	2.327103	132
6745.730681	60.505116	0.028359	2.133538	133
6746.773034	59.136742	0.028394	2.082724	134
6747.818779	57.850945	0.028397	2.037209	135
6748.861008	59.445091	0.028368	2.095475	136
6749.905195	58.936199	0.028437	2.072520	137
6750.951278	57.971153	0.028377	2.042884	138
6751.995539	56.248192	0.028428	1.978607	139
6753.037242	59.776043	0.028404	2.104496	140
6754.082863	56.287224	0.028402	1.981831	141
6755.123101	59.462475	0.028367	2.096204	142
6756.169414	55.037521	0.028376	1.939598	143
6757.208850	56.656773	0.028443	1.991956	144
6758.262054	51.242966	0.028412	1.803570	145
6759.296796	55.775063	0.028414	1.962935	146
6760.349381	52.292454	0.028435	1.839007	147
6761.382211	53.544956	0.028421	1.883977	148
6762.437184	54.242748	0.028407	1.909513	149
6763.466951	55.380550	0.028386	1.950968	150
6764.520502	52.546932	0.028390	1.850902	151
6765.557262	52.636322	0.028431	1.851370	152
6766.610278	51.044930	0.028396	1.797602	153
6767.647934	392.561371	0.028420	13.812988	154
6768.689088	54.455647	0.028351	1.920774	155
6769.739099	51.220379	0.028480	1.798485	156
6770.772080	53.558498	0.028401	1.885765	157
6771.828890	48.520737	0.028399	1.708556	158
6772.866825	48.721981	0.028364	1.717765	159
6773.911549	50.663727	0.028427	1.782252	160
6774.950232	49.094284	0.028418	1.727594	161
6776.001299	47.123272	0.028400	1.659246	162
6777.038787	49.208351	0.028415	1.731790	163
6778.083778	51.285294	0.028388	1.806601	164
6779.128077	47.651966	0.028394	1.678254	165
6780.167987	49.143074	0.028403	1.730216	166
6781.215130	47.254398	0.028384	1.664849	167
6782.253215	48.365284	0.028414	1.702155	168
6783.315799	39.584690	0.028417	1.393014	169
6784.339263	47.416679	0.028432	1.667699	170
6785.395325	44.390827	0.028356	1.565510	171
6786.423342	48.473038	0.028431	1.704910	172
6787.480844	44.876759	0.028398	1.580278	173
6788.508152	48.996616	0.028355	1.727947	174
6789.568282	43.489349	0.028390	1.531847	175
6790.595846	46.260578	0.028399	1.628935	176
6791.655694	43.750378	0.028417	1.539577	177
6792.681894	42.358105	0.028350	1.494108	178
6793.741412	43.401054	0.028420	1.527134	179
6794.770056	44.482700	0.028389	1.566883	180
6795.828283	43.085842	0.028419	1.516106	181
6796.859120	44.741863	0.028395	1.575702	182
6797.911191	42.870338	0.028385	1.510302	183
6798.947179	43.190861	0.028388	1.521435	184
6799.996866	41.032219	0.028464	1.441532	185
6801.035089	43.492813	0.028396	1.531663	186
6802.082598	40.925705	0.028433	1.439388	187
6803.120410	43.338127	0.028433	1.524232	188
6804.167832	40.519028	0.028348	1.429355	189
6805.212415	40.935394	0.028416	1.440574	190
6806.252224	41.096783	0.028433	1.445385	191
6807.300919	40.856262	0.028428	1.437194	192
6808.338692	40.338554	0.028413	1.419719	193
6809.386117	40.568195	0.028397	1.428600	194
6810.422015	41.425495	0.028403	1.458509	195
6811.474300	40.147743	0.028383	1.414476	196
6812.510440	39.483948	0.028387	1.390937	197
6813.557870	40.665016	0.028382	1.432798	198
6814.598525	39.640705	0.028422	1.394696	199
6815.642782	33.981548	0.028386	1.197124	200
6816.686181	39.931293	0.028352	1.408414	201
6817.727145	38.717007	0.028391	1.363718	202
6818.775522	39.155548	0.028401	1.378674	203
6819.813215	38.218983	0.028390	1.346202	204
6820.865018	38.768776	0.028382	1.365976	205
6821.896218	38.247330	0.028408	1.346365	206
6822.951959	38.172413	0.028419	1.343215	207
6823.981434	39.096367	0.028397	1.376782	208
6825.041071	37.044189	0.028394	1.304651	209
6826.070405	36.870304	0.028392	1.298612	210
6827.123941	37.445988	0.028418	1.317677	211
6828.154553	38.267689	0.028380	1.348413	212
6829.209050	36.736935	0.028342	1.296184	213
6830.240365	28.500629	0.028359	1.005011	214
6831.294982	36.388882	0.028388	1.281860	215
6832.328257	37.319199	0.028377	1.315107	216
6833.381820	34.928589	0.028411	1.229413	217
6834.415617	37.048107	0.028381	1.305400	218
