crossing time (s)	slope (V/s)	crossing number
281474976710655.000000	1.466119	5877	0.000000
281474976710655.000000	1.409423	5878	0.000000
281474976710655.000000	1.411173	5879	0.000000
281474976710655.000000	1.455471	5880	0.000000
281474976710655.000000	1.451344	5881	0.000000
281474976710655.000000	1.437742	5882	6869038592.000000
281474976710655.000000	1.387126	5883	6870064128.000000
281474976710655.000000	1.539294	5884	6871126016.000000
281474976710655.000000	1.645628	5885	6872166400.000000
281474976710655.000000	1.610952	5886	6873220608.000000
281474976710655.000000	1.632627	5887	6874253312.000000
281474976710655.000000	1.682573	5888	6875312640.000000
281474976710655.000000	1.818669	5889	6876359168.000000
281474976710655.000000	1.818011	5890	6877407232.000000
281474976710655.000000	1.729918	5891	6878449152.000000
281474976710655.000000	1.840847	5892	6879494656.000000
281474976710655.000000	2.021054	5893	6880541696.000000
281474976710655.000000	1.937065	5894	6881588736.000000
281474976710655.000000	1.887507	5895	6882641920.000000
281474976710655.000000	1.935357	5896	6883679744.000000
281474976710655.000000	2.093185	5897	6884727808.000000
281474976710655.000000	2.146369	5898	6885775872.000000
281474976710655.000000	2.126614	5899	6886821376.000000
281474976710655.000000	2.102135	5900	6887862784.000000
281474976710655.000000	2.275565	5901	6888910336.000000
281474976710655.000000	2.246610	5902	6889959936.000000
281474976710655.000000	2.299371	5903	6891003904.000000
281474976710655.000000	2.300708	5904	6892052992.000000
281474976710655.000000	2.489223	5905	6893091328.000000
281474976710655.000000	2.416402	5906	6894143488.000000
281474976710655.000000	2.523710	5907	6895178752.000000
281474976710655.000000	2.535560	5908	6896239616.000000
281474976710655.000000	2.675403	5909	6897267200.000000
281474976710655.000000	2.539256	5910	6898328064.000000
281474976710655.000000	2.650983	5911	6899357184.000000
281474976710655.000000	2.740860	5912	6900421632.000000
281474976710655.000000	2.877766	5913	6901446144.000000
281474976710655.000000	2.664764	5914	6902508544.000000
281474976710655.000000	2.770573	5915	6903538688.000000
281474976710655.000000	2.849663	5916	6904600576.000000
281474976710655.000000	2.995093	5917	6905627648.000000
281474976710655.000000	2.828198	5918	6906688000.000000
281474976710655.000000	2.887833	5919	6907718144.000000
281474976710655.000000	2.940402	5920	6908775424.000000
281474976710655.000000	3.023377	5921	6909812736.000000
281474976710655.000000	3.012428	5922	6910859264.000000
281474976710655.000000	3.044997	5923	6911903232.000000
281474976710655.000000	3.053086	5924	6912948736.000000
281474976710655.000000	3.155644	5925	6913996288.000000
281474976710655.000000	3.251137	5926	6915035136.000000
281474976710655.000000	3.165815	5927	6916084224.000000
281474976710655.000000	3.202646	5928	6917121536.000000
281474976710655.000000	3.307668	5929	6918176768.000000
281474976710655.000000	3.477396	5930	6919208448.000000
281474976710655.000000	3.303715	5931	6920264192.000000
281474976710655.000000	3.326675	5932	6921298432.000000
281474976710655.000000	3.471281	5933	6922353152.000000
281474976710655.000000	3.573016	5934	6923386368.000000
281474976710655.000000	3.418267	5935	6924440576.000000
281474976710655.000000	3.466193	5936	6925475840.000000
281474976710655.000000	3.573436	5937	6926530048.000000
281474976710655.000000	3.734048	5938	6927562752.000000
281474976710655.000000	3.490985	5939	6928616448.000000
281474976710655.000000	3.615795	5940	6929650176.000000
281474976710655.000000	3.671088	5941	6930706432.000000
281474976710655.000000	3.820747	5942	6931738112.000000
281474976710655.000000	3.724059	5943	6932793856.000000
281474976710655.000000	3.750410	5944	6933827072.000000
281474976710655.000000	3.842078	5945	6934881280.000000
281474976710655.000000	3.941714	5946	6935914496.000000
281474976710655.000000	3.773027	5947	6936970240.000000
281474976710655.000000	3.946702	5948	6938002432.000000
281474976710655.000000	4.006404	5949	6939057152.000000
281474976710655.000000	4.028449	5950	6940088320.000000
281474976710655.000000	3.903945	5951	6941145600.000000
281474976710655.000000	4.033394	5952	6942178304.000000
281474976710655.000000	4.184877	5953	6943231488.000000
281474976710655.000000	4.020866	5954	6944265728.000000
281474976710655.000000	4.060322	5955	6945317376.000000
281474976710655.000000	4.075099	5956	6946354688.000000
281474976710655.000000	4.200039	5957	6947401728.000000
281474976710655.000000	4.044230	5958	6948443648.000000
281474976710655.000000	4.139199	5959	6949489152.000000
281474976710655.000000	4.191695	5960	6950530048.000000
281474976710655.000000	4.101421	5961	6951575040.000000
281474976710655.000000	4.138873	5962	6952621568.000000
281474976710655.000000	4.239089	5963	6953660928.000000
281474976710655.000000	4.222123	5964	6954708992.000000
281474976710655.000000	4.208542	5965	6955745792.000000
281474976710655.000000	4.197206	5966	6956798464.000000
281474976710655.000000	4.348739	5967	6957833728.000000
281474976710655.000000	4.241900	5968	6958885888.000000
281474976710655.000000	4.449703	5969	6959918592.000000
281474976710655.000000	4.257088	5970	6960975360.000000
281474976710655.000000	4.515300	5971	6962004480.000000
281474976710655.000000	4.436219	5972	6963062272.000000
281474976710655.000000	4.500837	5973	6964090368.000000
281474976710655.000000	4.532051	5974	6965148672.000000
281474976710655.000000	4.433676	5975	6966179328.000000
281474976710655.000000	4.651178	5976	6967233024.000000
281474976710655.000000	4.669246	5977	6968264704.000000
281474976710655.000000	4.698134	5978	6969321472.000000
281474976710655.000000	4.638939	5979	6970350592.000000
281474976710655.000000	4.494209	5980	6971405824.000000
281474976710655.000000	4.684944	5981	6972440576.000000
281474976710655.000000	4.617749	5982	6973494272.000000
281474976710655.000000	5.003032	5983	6974528512.000000
281474976710655.000000	4.595384	5984	6975581184.000000
281474976710655.000000	4.762552	5985	6976613888.000000
281474976710655.000000	4.782736	5986	6977669632.000000
281474976710655.000000	5.200748	5987	6978702336.000000
281474976710655.000000	4.915625	5988	6979754496.000000
281474976710655.000000	4.817110	5989	6980790784.000000
281474976710655.000000	4.808638	5990	6981837312.000000
281474976710655.000000	4.740224	5991	6982876672.000000
281474976710655.000000	4.693480	5992	6983925760.000000
281474976710655.000000	4.739849	5993	6984966144.000000
281474976710655.000000	5.044584	5994	6986011136.000000
281474976710655.000000	4.920600	5995	6987049984.000000
281474976710655.000000	4.824471	5996	6988100608.000000
281474976710655.000000	4.973941	5997	6989134848.000000
281474976710655.000000	4.988070	5998	6990188032.000000
281474976710655.000000	4.965666	5999	6991219712.000000
281474976710655.000000	5.107342	6000	6992273920.000000
281474976710655.000000	5.055056	6001	6993307648.000000
281474976710655.000000	4.792271	6002	6994362368.000000
281474976710655.000000	5.283070	6003	6995393024.000000
281474976710655.000000	4.956223	6004	6996443648.000000
281474976710655.000000	5.056543	6005	6997485568.000000
281474976710655.000000	5.097188	6006	6998528000.000000
281474976710655.000000	5.042866	6007	6999570944.000000
281474976710655.000000	4.959582	6008	7000617472.000000
281474976710655.000000	5.020929	6009	7001655296.000000
281474976710655.000000	5.138470	6010	7002704896.000000
281474976710655.000000	5.235449	6011	7003742720.000000
281474976710655.000000	5.115214	6012	7004789760.000000
281474976710655.000000	5.087269	6013	7005831168.000000
281474976710655.000000	5.043233	6014	7006874112.000000
281474976710655.000000	5.069129	6015	7007919104.000000
281474976710655.000000	5.083287	6016	7008959488.000000
281474976710655.000000	4.984288	6017	7010004992.000000
281474976710655.000000	5.169714	6018	7011044864.000000
281474976710655.000000	5.109282	6019	7012093440.000000
281474976710655.000000	5.401532	6020	7013129216.000000
281474976710655.000000	5.165435	6021	7014181888.000000
281474976710655.000000	5.282901	6022	7015215616.000000
