crossing time (s)	slope (V/s)	crossing number
281474976710655.000000	1.386102	4912	0.000000
281474976710655.000000	1.424843	4913	0.000000
281474976710655.000000	1.383897	4914	0.000000
281474976710655.000000	1.363198	4915	5836063232.000000
281474976710655.000000	1.449032	4916	5837129728.000000
281474976710655.000000	1.431124	4917	5838158336.000000
281474976710655.000000	1.456007	4918	5839213568.000000
281474976710655.000000	1.429287	4919	5840247808.000000
281474976710655.000000	1.521693	4920	5841303552.000000
281474976710655.000000	1.513886	4921	5842336256.000000
281474976710655.000000	1.609117	4922	5843396608.000000
281474976710655.000000	1.624481	4923	5844415488.000000
281474976710655.000000	1.673671	4924	5845481472.000000
281474976710655.000000	1.598111	4925	5846518272.000000
281474976710655.000000	1.647077	4926	5847552000.000000
281474976710655.000000	1.867631	4927	5848615936.000000
281474976710655.000000	1.796885	4928	5849650688.000000
281474976710655.000000	1.868082	4929	5850687488.000000
281474976710655.000000	1.852216	4930	5851731968.000000
281474976710655.000000	1.933755	4931	5852794368.000000
281474976710655.000000	1.894474	4932	5853822464.000000
281474976710655.000000	2.003325	4933	5854864384.000000
281474976710655.000000	1.976482	4934	5855905280.000000
281474976710655.000000	2.224402	4935	5856965632.000000
281474976710655.000000	2.175253	4936	5858005504.000000
281474976710655.000000	2.046875	4937	5859052544.000000
281474976710655.000000	2.117252	4938	5860081664.000000
281474976710655.000000	2.227489	4939	5861128192.000000
281474976710655.000000	2.436136	4940	5862174720.000000
281474976710655.000000	2.475304	4941	5863226880.000000
281474976710655.000000	2.373306	4942	5864270848.000000
281474976710655.000000	2.354945	4943	5865314304.000000
281474976710655.000000	2.358616	4944	5866344448.000000
281474976710655.000000	2.458416	4945	5867390976.000000
281474976710655.000000	2.677888	4946	5868436480.000000
281474976710655.000000	2.736237	4947	5869494784.000000
281474976710655.000000	2.567789	4948	5870531584.000000
281474976710655.000000	2.625782	4949	5871574528.000000
281474976710655.000000	2.633559	4950	5872604160.000000
281474976710655.000000	2.907482	4951	5873658880.000000
281474976710655.000000	2.875634	4952	5874709504.000000
281474976710655.000000	2.716275	4953	5875756544.000000
281474976710655.000000	2.813413	4954	5876782080.000000
281474976710655.000000	2.935265	4955	5877833728.000000
281474976710655.000000	2.928195	4956	5878884352.000000
281474976710655.000000	2.894245	4957	5879928320.000000
281474976710655.000000	2.987919	4958	5880958464.000000
281474976710655.000000	3.109053	4959	5882014720.000000
281474976710655.000000	3.056159	4960	5883056640.000000
281474976710655.000000	3.261541	4961	5884085760.000000
281474976710655.000000	3.204793	4962	5885149696.000000
281474976710655.000000	3.154804	4963	5886180352.000000
281474976710655.000000	3.308634	4964	5887233024.000000
281474976710655.000000	3.367848	4965	5888274432.000000
281474976710655.000000	3.436347	4966	5889314816.000000
281474976710655.000000	3.432633	4967	5890364416.000000
281474976710655.000000	3.223580	4968	5891402240.000000
281474976710655.000000	3.496592	4969	5892452864.000000
281474976710655.000000	3.524339	4970	5893491712.000000
281474976710655.000000	3.441126	4971	5894536704.000000
281474976710655.000000	3.424192	4972	5895584256.000000
281474976710655.000000	3.572011	4973	5896617984.000000
281474976710655.000000	3.847606	4974	5897678336.000000
281474976710655.000000	3.829305	4975	5898701312.000000
281474976710655.000000	3.576981	4976	5899760640.000000
281474976710655.000000	3.235206	4977	5900804096.000000
281474976710655.000000	3.821389	4978	5901838336.000000
281474976710655.000000	4.200374	4979	5902886912.000000
281474976710655.000000	3.762384	4980	5903935488.000000
281474976710655.000000	3.722406	4981	5904963072.000000
281474976710655.000000	3.934882	4982	5906020352.000000
281474976710655.000000	4.243233	4983	5907067904.000000
281474976710655.000000	4.168450	4984	5908104192.000000
281474976710655.000000	4.109793	4985	5909139456.000000
281474976710655.000000	4.117942	4986	5910198784.000000
281474976710655.000000	4.016372	4987	5911241728.000000
281474976710655.000000	4.330685	4988	5912275968.000000
281474976710655.000000	4.485995	4989	5913314304.000000
281474976710655.000000	4.297537	4990	5914373632.000000
281474976710655.000000	3.915899	4991	5915413504.000000
281474976710655.000000	4.601519	4992	5916449792.000000
281474976710655.000000	4.778446	4993	5917491200.000000
281474976710655.000000	4.299523	4994	5918547456.000000
281474976710655.000000	3.910424	4995	5919586816.000000
281474976710655.000000	4.612699	4996	5920623104.000000
281474976710655.000000	4.965569	4997	5921668096.000000
281474976710655.000000	4.552391	4998	5922721792.000000
281474976710655.000000	4.142808	4999	5923752960.000000
281474976710655.000000	4.526535	5000	5924798464.000000
281474976710655.000000	4.934937	5001	5925850112.000000
281474976710655.000000	4.777233	5002	5926887936.000000
281474976710655.000000	4.768184	5003	5927924224.000000
281474976710655.000000	4.611643	5004	5928981504.000000
281474976710655.000000	4.694476	5005	5930019328.000000
281474976710655.000000	4.831217	5006	5931056640.000000
281474976710655.000000	5.418988	5007	5932109312.000000
281474976710655.000000	4.902965	5008	5933143040.000000
281474976710655.000000	4.649993	5009	5934191104.000000
281474976710655.000000	4.770449	5010	5935240192.000000
281474976710655.000000	4.963477	5011	5936274432.000000
281474976710655.000000	5.571812	5012	5937327616.000000
281474976710655.000000	5.349259	5013	5938359296.000000
281474976710655.000000	5.658901	5014	5939412480.000000
281474976710655.000000	5.463686	5015	5940443136.000000
281474976710655.000000	5.196523	5016	5941501440.000000
281474976710655.000000	4.960967	5017	5942530560.000000
281474976710655.000000	5.299034	5018	5943586816.000000
281474976710655.000000	5.091960	5019	5944619520.000000
281474976710655.000000	5.077138	5020	5945673216.000000
281474976710655.000000	5.153372	5021	5946710016.000000
281474976710655.000000	5.334397	5022	5947756032.000000
281474976710655.000000	5.523583	5023	5948801536.000000
281474976710655.000000	5.602876	5024	5949836800.000000
281474976710655.000000	5.383250	5025	5950888960.000000
281474976710655.000000	5.278166	5026	5951928320.000000
281474976710655.000000	5.506826	5027	5952965632.000000
281474976710655.000000	5.878379	5028	5954021888.000000
281474976710655.000000	5.682271	5029	5955053056.000000
281474976710655.000000	5.631567	5030	5956099584.000000
281474976710655.000000	5.760478	5031	5957148672.000000
281474976710655.000000	5.697562	5032	5958181888.000000
281474976710655.000000	6.301649	5033	5959228928.000000
281474976710655.000000	5.808113	5034	5960278528.000000
281474976710655.000000	5.829496	5035	5961311744.000000
281474976710655.000000	5.581371	5036	5962359808.000000
281474976710655.000000	6.326778	5037	5963407872.000000
281474976710655.000000	6.566210	5038	5964444160.000000
281474976710655.000000	6.456478	5039	5965486080.000000
281474976710655.000000	6.034004	5040	5966538752.000000
281474976710655.000000	6.014222	5041	5967574016.000000
281474976710655.000000	6.310010	5042	5968615424.000000
281474976710655.000000	6.107175	5043	5969667584.000000
281474976710655.000000	6.268239	5044	5970704384.000000
281474976710655.000000	6.286101	5045	5971744256.000000
281474976710655.000000	6.342732	5046	5972797952.000000
281474976710655.000000	6.641167	5047	5973832704.000000
281474976710655.000000	6.551056	5048	5974877184.000000
281474976710655.000000	6.401444	5049	5975926784.000000
281474976710655.000000	6.365094	5050	5976959488.000000
281474976710655.000000	6.306372	5051	5978009600.000000
281474976710655.000000	6.530906	5052	5979055104.000000
281474976710655.000000	6.649687	5053	5980089344.000000
281474976710655.000000	6.699230	5054	5981143040.000000
281474976710655.000000	6.443909	5055	5982176768.000000
281474976710655.000000	6.243114	5056	5983227392.000000
