num crossings	time (s)	maj axis (mm)	min axis (mm)	theta (rad )	slope (V/s)
2885	80937.277941	80.937447	1.289093	2.628912	22.691751
2887	80939.364724	80.962771	1.329417	2.627972	20.919761
2889	80941.450872	80.814477	1.389907	2.627237	22.100317
2891	80943.537084	80.764854	1.429948	2.626283	20.516659
2893	80945.625411	80.413114	1.469657	2.627030	21.062716
2895	80947.713229	80.419113	1.564207	2.626431	20.861666
2897	80949.802020	80.246576	1.601786	2.628326	21.558387
2899	80951.890592	80.032115	1.592280	2.630165	21.396020
2901	80953.980033	80.003739	1.642261	2.632055	20.680934
2903	80956.068178	80.055519	1.679049	2.632048	21.034445
2905	80958.154519	80.047332	1.727964	2.633466	21.010620
2907	80960.241018	80.116605	1.747574	2.632389	21.096038
2909	80962.326498	79.897073	1.762347	2.630940	20.761837
2911	80964.411118	79.740384	1.785982	2.630185	21.272219
2913	80966.496335	79.764059	1.844005	2.629686	20.685770
2915	80968.581094	79.570742	1.869877	2.628227	19.414855
2917	80970.667849	79.444096	1.907604	2.628033	20.096504
2919	80972.753709	79.322476	1.945878	2.627730	20.465343
2921	80974.840683	79.315016	1.991389	2.627900	20.536761
2923	80976.927513	79.100456	2.011250	2.628350	20.641102
2925	80979.014940	79.082360	2.064827	2.628986	20.334893
2927	80981.101846	78.995830	2.103707	2.628797	20.793863
2929	80983.188222	78.869771	2.166076	2.630651	19.870958
2931	80985.275076	78.730046	2.188681	2.631898	20.222579
2933	80987.361870	78.528216	2.217815	2.632875	19.854517
2935	80989.449589	78.488780	2.251971	2.633559	19.487600
2937	80991.537235	78.326163	2.285272	2.634059	20.411652
2939	80993.625460	78.144848	2.299253	2.632740	20.586887
2941	80995.714575	77.972772	2.338657	2.629718	20.378755
2943	80997.802399	77.988724	2.349475	2.629452	20.060913
2945	80999.890701	78.055867	2.397851	2.628788	19.995931
2947	81001.978079	78.028475	2.436815	2.629883	19.790873
2949	81004.064841	77.835133	2.480224	2.631760	20.602929
2951	81006.151556	77.876493	2.526243	2.631171	19.847777
2953	81008.237334	77.671238	2.548906	2.632888	19.404351
2955	81010.323279	77.578408	2.594525	2.633462	19.402115
2957	81012.409278	77.464725	2.627592	2.633582	19.438128
2959	81014.495649	77.343689	2.623913	2.633549	19.574749
2961	81016.582138	77.211387	2.671117	2.634206	19.523448
2963	81018.668292	77.190492	2.736806	2.634532	19.983850
2965	81020.755086	77.045731	2.787118	2.634448	19.150752
2967	81022.842005	76.950810	2.802870	2.635502	18.824158
2969	81024.928980	76.853902	2.847547	2.634940	19.479282
2971	81027.016372	76.726461	2.901540	2.635802	19.153515
2973	81029.103297	76.626070	2.955354	2.636549	19.453438
2975	81031.190794	76.467872	2.961187	2.636256	18.924403
2977	81033.277961	76.491036	3.034584	2.637396	19.370665
2979	81035.365549	76.358103	3.043585	2.638507	18.650508
2981	81037.453657	76.308230	3.107202	2.639280	19.764041
2983	81039.540593	76.260775	3.134149	2.640137	19.166677
2985	81041.627984	76.318387	3.176090	2.639039	19.042415
2987	81043.714640	76.205350	3.204576	2.639949	19.188004
2989	81045.800447	76.103613	3.217586	2.639423	18.761331
2991	81047.886551	75.917163	3.262504	2.639389	19.606880
2993	81049.970729	75.959939	3.282435	2.639273	19.076879
2995	81052.056736	75.770535	3.314926	2.639869	18.846281
2997	81054.143064	75.566614	3.344388	2.641204	18.583324
2999	81056.229105	75.614954	3.378477	2.640426	18.238567
3001	81058.314958	75.455069	3.411493	2.640029	18.654688
3003	81060.401095	75.464048	3.437754	2.640996	19.265237
3005	81062.488779	75.309609	3.448398	2.640542	18.468656
3007	81064.574499	75.223279	3.514098	2.641655	18.500629
3009	81066.661301	75.096014	3.535855	2.642279	18.843610
3011	81068.747346	74.985878	3.573989	2.642822	18.795735
3013	81070.834879	74.816846	3.596033	2.644963	18.580330
3015	81072.922296	74.793481	3.637683	2.644841	18.694850
3017	81075.009898	74.620754	3.646879	2.645356	17.834344
3019	81077.096615	74.508062	3.688715	2.645192	18.680643
3021	81079.185039	74.323220	3.691015	2.645010	18.193035
3023	81081.273400	74.325736	3.721865	2.643814	18.196730
3025	81083.360836	74.163559	3.761253	2.643911	18.190730
3027	81085.448955	74.185301	3.785020	2.643552	18.321024
3029	81087.536118	74.140805	3.828308	2.643805	18.444951
3031	81089.624838	74.133800	3.843137	2.644081	17.763475
3033	81091.711177	74.107795	3.885156	2.645019	17.847005
3035	81093.797820	73.977372	3.898750	2.646364	18.055726
3037	81095.884300	73.803268	3.937281	2.646797	18.400957
3039	81097.971243	73.768682	3.979007	2.648217	17.991261
3041	81100.057203	73.624466	4.013039	2.648676	18.404989
3043	81102.144557	73.594377	4.029693	2.649121	17.718639
3045	81104.230871	73.460524	4.081124	2.650239	17.473413
3047	81106.317231	73.291507	4.115897	2.650507	17.685966
3049	81108.404114	73.357294	4.116586	2.650953	17.940008
3051	81110.491473	73.226237	4.156647	2.651696	17.638687
3053	81112.578722	73.128880	4.196827	2.652176	17.290695
3055	81114.665196	73.082530	4.244110	2.652413	17.312888
3057	81116.752023	73.048192	4.273293	2.652374	17.639984
3059	81118.839016	72.970750	4.293548	2.653371	17.194490
3061	81120.925438	72.814164	4.318395	2.653668	16.903158
3063	81123.010920	72.826456	4.342051	2.653865	17.015175
3065	81125.096410	72.642236	4.336070	2.653837	16.903812
3067	81127.182686	72.533849	4.380745	2.653589	16.794236
3069	81129.268125	72.463608	4.413680	2.654253	17.424728
3071	81131.354180	72.307696	4.446668	2.654886	17.042521
3073	81133.439181	72.264923	4.474562	2.654743	16.843485
3075	81135.525531	72.243158	4.490592	2.655376	16.896872
3077	81137.611246	72.128885	4.531839	2.656406	16.696550
3079	81139.698348	72.055846	4.556933	2.656787	17.103714
3081	81141.784148	71.971640	4.561206	2.657362	17.028651
3083	81143.871002	71.865983	4.602092	2.658061	17.121054
3085	81145.957667	71.708598	4.629688	2.659484	17.256012
3087	81148.044671	71.649428	4.644044	2.659485	16.702050
3089	81150.132431	71.496140	4.671799	2.659934	16.462212
3091	81152.220122	71.390164	4.705849	2.660361	17.318438
3093	81154.307425	71.330941	4.730217	2.659860	16.829007
3095	81156.394647	71.180126	4.729303	2.660353	16.820644
3097	81158.482593	71.098612	4.760900	2.660182	16.574000
3099	81160.570476	71.002330	4.805807	2.659917	16.542600
3101	81162.657988	70.956703	4.834117	2.660430	16.657599
3103	81164.745778	70.891985	4.849438	2.660843	16.413885
3105	81166.832703	70.882273	4.888556	2.661628	16.712323
3107	81168.919467	70.883142	4.919246	2.661938	16.509399
3109	81171.006633	70.775275	4.936365	2.662359	16.382997
3111	81173.093273	70.715831	4.990011	2.664049	16.288448
3113	81175.179883	70.662180	5.026421	2.664564	16.243127
3115	81177.267228	70.532363	5.046885	2.665593	16.385154
3117	81179.353580	70.480356	5.077297	2.665781	16.102439
3119	81181.440521	70.361649	5.091977	2.666880	15.992659
3121	81183.526686	70.296962	5.124882	2.667463	16.242717
3123	81185.613703	70.208888	5.152305	2.668106	16.309411
3125	81187.700346	70.141301	5.169658	2.668562	15.975407
3127	81189.787117	70.024358	5.192208	2.669176	16.316584
3129	81191.873380	69.910054	5.241277	2.670130	15.594653
3131	81193.959559	69.807755	5.266502	2.670679	16.119166
3133	81196.046655	69.736325	5.270254	2.671198	15.763658
3135	81198.132552	69.588036	5.303907	2.671651	15.819109
3137	81200.217834	69.467963	5.329183	2.672225	16.014483
3139	81202.303573	69.455131	5.350919	2.673182	16.002138
3141	81204.389533	69.358337	5.369553	2.673149	15.496734
3143	81206.475635	69.276648	5.397353	2.673407	14.926522
3145	81208.561770	69.272408	5.434942	2.674167	16.070002
3147	81210.647731	69.098789	5.467458	2.674829	15.471129
3149	81212.733409	68.976306	5.488136	2.675641	15.679610
3151	81214.819699	68.907921	5.526530	2.676427	15.507302
3153	81216.907114	68.863801	5.539661	2.676859	15.653707
3155	81218.993704	68.749558	5.558305	2.677725	15.465478
3157	81221.080353	68.659657	5.577715	2.677945	14.763842
3159	81223.166828	68.600692	5.616927	2.680091	14.977106
3161	81225.253644	68.448315	5.639228	2.679434	15.630086
3163	81227.341092	68.300030	5.668476	2.679831	15.197684
3165	81229.429237	68.274500	5.676561	2.679986	14.752865
3167	81231.516648	68.156687	5.707763	2.680329	15.122036
3169	81233.604647	68.089566	5.718889	2.680344	14.980136
3171	81235.692227	68.001094	5.740432	2.680689	14.880859
3173	81237.779610	68.006552	5.775009	2.681063	15.310085
3175	81239.866264	67.957593	5.797504	2.681665	14.998992
3177	81241.953251	67.869465	5.829225	2.682755	15.112352
