crossing time (s)	slope (V/s)	crossing number
281474976710655.000000	3.114350	7867	0.000000
281474976710655.000000	3.281380	7868	0.000000
281474976710655.000000	3.173552	7869	0.000000
281474976710655.000000	3.137188	7870	0.000000
281474976710655.000000	3.201632	7871	0.000000
281474976710655.000000	3.160783	7872	0.000000
281474976710655.000000	3.244987	7873	86359834624.000000
281474976710655.000000	3.226313	7874	86360940544.000000
281474976710655.000000	3.425657	7875	86361931776.000000
281474976710655.000000	3.599098	7876	86363013120.000000
281474976710655.000000	3.592810	7877	86364012544.000000
281474976710655.000000	3.840126	7878	86365118464.000000
281474976710655.000000	3.716812	7879	86366109696.000000
281474976710655.000000	4.209842	7880	86367199232.000000
281474976710655.000000	4.114994	7881	86368198656.000000
281474976710655.000000	4.375064	7882	86369296384.000000
281474976710655.000000	4.455522	7883	86370287616.000000
281474976710655.000000	4.469743	7884	86371377152.000000
281474976710655.000000	4.589494	7885	86372376576.000000
281474976710655.000000	4.958071	7886	86373474304.000000
281474976710655.000000	4.935390	7887	86374473728.000000
281474976710655.000000	5.101261	7888	86375555072.000000
281474976710655.000000	5.017487	7889	86376554496.000000
281474976710655.000000	5.787002	7890	86377652224.000000
281474976710655.000000	5.786264	7891	86378651648.000000
281474976710655.000000	5.516423	7892	86379732992.000000
281474976710655.000000	5.815884	7893	86380740608.000000
281474976710655.000000	6.339673	7894	86381830144.000000
281474976710655.000000	6.573620	7895	86382829568.000000
281474976710655.000000	6.126733	7896	86383919104.000000
281474976710655.000000	6.634194	7897	86384918528.000000
281474976710655.000000	7.060380	7898	86386008064.000000
281474976710655.000000	7.869771	7899	86387015680.000000
281474976710655.000000	6.921935	7900	86388097024.000000
281474976710655.000000	7.572739	7901	86389104640.000000
281474976710655.000000	7.928179	7902	86390185984.000000
281474976710655.000000	8.724704	7903	86391193600.000000
281474976710655.000000	7.668759	7904	86392274944.000000
281474976710655.000000	8.298302	7905	86393282560.000000
281474976710655.000000	8.572686	7906	86394363904.000000
281474976710655.000000	9.748747	7907	86395371520.000000
281474976710655.000000	8.652452	7908	86396452864.000000
281474976710655.000000	9.742959	7909	86397468672.000000
281474976710655.000000	9.699077	7910	86398541824.000000
281474976710655.000000	10.356225	7911	86399557632.000000
281474976710655.000000	9.484880	7912	86400630784.000000
281474976710655.000000	10.162103	7913	86401646592.000000
281474976710655.000000	10.502631	7914	86402719744.000000
281474976710655.000000	11.220935	7915	86403735552.000000
281474976710655.000000	10.775542	7916	86404808704.000000
281474976710655.000000	11.844418	7917	86405824512.000000
281474976710655.000000	11.443028	7918	86406897664.000000
281474976710655.000000	12.324770	7919	86407913472.000000
281474976710655.000000	11.447137	7920	86408986624.000000
281474976710655.000000	12.122008	7921	86410002432.000000
281474976710655.000000	12.270357	7922	86411075584.000000
281474976710655.000000	12.987579	7923	86412099584.000000
281474976710655.000000	13.279683	7924	86413164544.000000
281474976710655.000000	14.174287	7925	86414188544.000000
281474976710655.000000	13.343008	7926	86415253504.000000
281474976710655.000000	14.753272	7927	86416277504.000000
281474976710655.000000	13.705329	7928	86417342464.000000
281474976710655.000000	14.481188	7929	86418366464.000000
281474976710655.000000	14.807096	7930	86419431424.000000
281474976710655.000000	15.423117	7931	86420455424.000000
281474976710655.000000	14.973866	7932	86421520384.000000
281474976710655.000000	15.717223	7933	86422544384.000000
281474976710655.000000	15.466049	7934	86423609344.000000
281474976710655.000000	16.150633	7935	86424633344.000000
281474976710655.000000	16.545582	7936	86425698304.000000
281474976710655.000000	16.707365	7937	86426722304.000000
281474976710655.000000	17.091854	7938	86427787264.000000
281474976710655.000000	18.116020	7939	86428811264.000000
281474976710655.000000	17.411125	7940	86429876224.000000
281474976710655.000000	18.435701	7941	86430900224.000000
281474976710655.000000	17.688057	7942	86431973376.000000
281474976710655.000000	19.134586	7943	86432989184.000000
281474976710655.000000	19.589293	7944	86434062336.000000
281474976710655.000000	20.188007	7945	86435078144.000000
281474976710655.000000	20.421940	7946	86436143104.000000
281474976710655.000000	21.059011	7947	86437167104.000000
281474976710655.000000	19.926506	7948	86438232064.000000
281474976710655.000000	21.836241	7949	86439264256.000000
281474976710655.000000	21.245054	7950	86440321024.000000
281474976710655.000000	20.999756	7951	86441345024.000000
281474976710655.000000	21.765333	7952	86442418176.000000
281474976710655.000000	23.979034	7953	86443433984.000000
281474976710655.000000	23.107180	7954	86444498944.000000
281474976710655.000000	21.924086	7955	86445522944.000000
281474976710655.000000	24.138647	7956	86446587904.000000
281474976710655.000000	24.362383	7957	86447611904.000000
281474976710655.000000	22.353527	7958	86448676864.000000
281474976710655.000000	24.332422	7959	86449700864.000000
281474976710655.000000	22.877235	7960	86450765824.000000
281474976710655.000000	25.950413	7961	86451789824.000000
281474976710655.000000	25.667589	7962	86452854784.000000
281474976710655.000000	24.458202	7963	86453878784.000000
281474976710655.000000	25.423683	7964	86454943744.000000
281474976710655.000000	27.742460	7965	86455967744.000000
281474976710655.000000	24.965298	7966	86457032704.000000
281474976710655.000000	25.580740	7967	86458056704.000000
281474976710655.000000	28.911957	7968	86459121664.000000
281474976710655.000000	26.028288	7969	86460145664.000000
281474976710655.000000	26.894754	7970	86461210624.000000
281474976710655.000000	29.869755	7971	86462234624.000000
281474976710655.000000	26.415974	7972	86463299584.000000
281474976710655.000000	27.584612	7973	86464323584.000000
281474976710655.000000	28.024534	7974	86465388544.000000
281474976710655.000000	31.320684	7975	86466412544.000000
281474976710655.000000	34.485733	7976	86467477504.000000
281474976710655.000000	29.580696	7977	86468501504.000000
281474976710655.000000	30.590117	7978	86469566464.000000
281474976710655.000000	32.428741	7979	86470590464.000000
281474976710655.000000	30.081457	7980	86471655424.000000
281474976710655.000000	25.353401	7981	86472679424.000000
281474976710655.000000	28.104446	7982	86473744384.000000
281474976710655.000000	26.961597	7983	86474768384.000000
